<?xml version="1.0"?>
<opencv_storage>
<cameraMatrix type_id="opencv-matrix">
  <rows>3</rows>
  <cols>3</cols>
  <dt>d</dt>
  <data>
    7.2098196347978512e+02 0. 3.2351574751779083e+02 0.
    7.3525420788134795e+02 1.4292835016667081e+02 0. 0. 1.</data></cameraMatrix>
<distCoeffs type_id="opencv-matrix">
  <rows>5</rows>
  <cols>1</cols>
  <dt>d</dt>
  <data>
    1.8901175064795706e-01 4.1235238100312946e-02
    -6.7426728079731796e-02 1.2566523172036317e-03
    -5.6898774022900123e-01</data></distCoeffs>
</opencv_storage>
