<?xml version="1.0"?>
<opencv_storage>
<cameraMatrix type_id="opencv-matrix">
  <rows>3</rows>
  <cols>3</cols>
  <dt>d</dt>
  <data>
    6.3963949016866366e+02 0. 2.3619644124317031e+02 0.
    6.3176281763716713e+02 2.1973345679756792e+02 0. 0. 1.</data></cameraMatrix>
<distCoeffs type_id="opencv-matrix">
  <rows>5</rows>
  <cols>1</cols>
  <dt>d</dt>
  <data>
    -1.2652016389839893e-01 6.3911489993993564e-01
    -1.4739123668934725e-02 -3.1925390392915171e-02
    -1.1016323573573961e+00</data></distCoeffs>
</opencv_storage>
